0 0.11899038461538461 0.5600961538461539 0.2127403846153846 0.32091346153846156
0 0.19471153846153846 0.39663461538461536 0.26802884615384615 0.3076923076923077
0 0.2608173076923077 0.796875 0.18028846153846154 0.31971153846153844
0 0.27884615384615385 0.3701923076923077 0.09615384615384616 0.22235576923076922
0 0.4110576923076923 0.44350961538461536 0.2644230769230769 0.43509615384615385
0 0.3786057692307692 0.2548076923076923 0.19230769230769232 0.26322115384615385
0 0.7079326923076923 0.7800480769230769 0.3894230769230769 0.4387019230769231
0 0.6706730769230769 0.3112980769230769 0.234375 0.25240384615384615
0 0.6730769230769231 0.5600961538461539 0.21754807692307693 0.21634615384615385
0 0.8497596153846154 0.3701923076923077 0.11778846153846154 0.25240384615384615
0 0.9266826923076923 0.5132211538461539 0.14423076923076922 0.2800480769230769