0 0.6225961538461539 0.5673076923076923 0.037259615384615384 0.027644230769230768
0 0.5673076923076923 0.18028846153846154 0.009615384615384616 0.010817307692307692
0 0.5432692307692307 0.17668269230769232 0.008413461538461538 0.018028846153846152
0 0.5396634615384616 0.18509615384615385 0.007211538461538462 0.002403846153846154
0 0.5108173076923077 0.20192307692307693 0.010817307692307692 0.006009615384615385
0 0.43028846153846156 0.2091346153846154 0.009615384615384616 0.010817307692307692
0 0.40625 0.19230769230769232 0.003605769230769231 0.010817307692307692
0 0.30528846153846156 0.21394230769230768 0.007211538461538462 0.007211538461538462
0 0.29086538461538464 0.27524038461538464 0.009615384615384616 0.010817307692307692
0 0.24278846153846154 0.20552884615384615 0.004807692307692308 0.004807692307692308
0 0.11057692307692307 0.21394230769230768 0.009615384615384616 0.007211538461538462
0 0.06490384615384616 0.2091346153846154 0.009615384615384616 0.004807692307692308
0 0.04447115384615385 0.2127403846153846 0.004807692307692308 0.006009615384615385
0 0.03125 0.21153846153846154 0.007211538461538462 0.013221153846153846
0 0.020432692307692308 0.21514423076923078 0.007211538461538462 0.014423076923076924
0 0.010817307692307692 0.21634615384615385 0.001201923076923077 0.010817307692307692
0 0.008413461538461538 0.20673076923076922 0.007211538461538462 0.007211538461538462