0 0.37740384615384615 0.5673076923076923 0.037259615384615384 0.027644230769230768
0 0.4326923076923077 0.18028846153846154 0.009615384615384616 0.010817307692307692
0 0.4567307692307692 0.17668269230769232 0.008413461538461538 0.018028846153846152
0 0.46033653846153844 0.18509615384615385 0.007211538461538462 0.002403846153846154
0 0.4891826923076923 0.20192307692307693 0.010817307692307692 0.006009615384615385
0 0.5697115384615384 0.2091346153846154 0.009615384615384616 0.010817307692307692
0 0.59375 0.19230769230769232 0.003605769230769231 0.010817307692307692
0 0.6947115384615384 0.21394230769230768 0.007211538461538462 0.007211538461538462
0 0.7091346153846154 0.27524038461538464 0.009615384615384616 0.010817307692307692
0 0.7572115384615384 0.20552884615384615 0.004807692307692308 0.004807692307692308
0 0.8894230769230769 0.21394230769230768 0.009615384615384616 0.007211538461538462
0 0.9350961538461539 0.2091346153846154 0.009615384615384616 0.004807692307692308
0 0.9555288461538461 0.2127403846153846 0.004807692307692308 0.006009615384615385
0 0.96875 0.21153846153846154 0.007211538461538462 0.013221153846153846
0 0.9795673076923077 0.21514423076923078 0.007211538461538462 0.014423076923076924
0 0.9891826923076923 0.21634615384615385 0.001201923076923077 0.010817307692307692
0 0.9915865384615384 0.20673076923076922 0.007211538461538462 0.007211538461538462