0 0.8810096153846154 0.5600961538461539 0.2127403846153846 0.32091346153846156
0 0.8052884615384616 0.39663461538461536 0.26802884615384615 0.3076923076923077
0 0.7391826923076923 0.796875 0.18028846153846154 0.31971153846153844
0 0.7211538461538461 0.3701923076923077 0.09615384615384616 0.22235576923076922
0 0.5889423076923077 0.44350961538461536 0.2644230769230769 0.43509615384615385
0 0.6213942307692307 0.2548076923076923 0.19230769230769232 0.26322115384615385
0 0.2920673076923077 0.7800480769230769 0.3894230769230769 0.4387019230769231
0 0.3293269230769231 0.3112980769230769 0.234375 0.25240384615384615
0 0.3269230769230769 0.5600961538461539 0.21754807692307693 0.21634615384615385
0 0.1502403846153846 0.3701923076923077 0.11778846153846154 0.25240384615384615
0 0.0733173076923077 0.5132211538461539 0.14423076923076922 0.2800480769230769