0 0.9483173076923077 0.5120192307692307 0.014423076923076924 0.013221153846153846
0 0.9134615384615384 0.6442307692307693 0.056490384615384616 0.037259615384615384
0 0.8653846153846154 0.5036057692307693 0.014423076923076924 0.016826923076923076
0 0.71875 0.5396634615384616 0.036057692307692304 0.03125
0 0.6694711538461539 0.5372596153846154 0.03485576923076923 0.036057692307692304
0 0.5973557692307693 0.5264423076923077 0.006009615384615385 0.038461538461538464
0 0.59375 0.5240384615384616 0.014423076923076924 0.028846153846153848
0 0.5564903846153846 0.5324519230769231 0.04927884615384615 0.042067307692307696
0 0.5697115384615384 0.5120192307692307 0.020432692307692308 0.016826923076923076
0 0.30528846153846156 0.5180288461538461 0.015625 0.02403846153846154
0 0.27163461538461536 0.5372596153846154 0.030048076923076924 0.037259615384615384
0 0.24519230769230768 0.4831730769230769 0.021634615384615384 0.009615384615384616
0 0.18870192307692307 0.6286057692307693 0.03365384615384615 0.03485576923076923
0 0.042067307692307696 0.43149038461538464 0.013221153846153846 0.027644230769230768