0 0.9483173076923077 0.7800480769230769 0.06971153846153846 0.16346153846153846
0 0.7944711538461539 0.7716346153846154 0.051682692307692304 0.13341346153846154
0 0.6526442307692307 0.7788461538461539 0.042067307692307696 0.12980769230769232
0 0.5985576923076923 0.7560096153846154 0.036057692307692304 0.1622596153846154
0 0.5709134615384616 0.7728365384615384 0.038461538461538464 0.14302884615384615
0 0.4326923076923077 0.7548076923076923 0.038461538461538464 0.1466346153846154
0 0.36538461538461536 0.7644230769230769 0.04326923076923077 0.13942307692307693
0 0.2512019230769231 0.7560096153846154 0.08653846153846154 0.15865384615384615
0 0.14783653846153846 0.7451923076923077 0.04447115384615385 0.13581730769230768
0 0.12259615384615384 0.7560096153846154 0.03245192307692308 0.10096153846153846
0 0.0985576923076923 0.7367788461538461 0.038461538461538464 0.14783653846153846
0 0.06971153846153846 0.7632211538461539 0.06610576923076923 0.13942307692307693