0 0.828125 0.22115384615384615 0.30528846153846156 0.20072115384615385
0 0.8245192307692307 0.5625 0.28966346153846156 0.22235576923076922
0 0.8149038461538461 0.8269230769230769 0.29447115384615385 0.16706730769230768
0 0.5384615384615384 0.4387019230769231 0.15384615384615385 0.07692307692307693
0 0.5144230769230769 0.5576923076923077 0.16346153846153846 0.07932692307692307
0 0.5120192307692307 0.6550480769230769 0.16826923076923078 0.027644230769230768
0 0.5192307692307693 0.25240384615384615 0.15144230769230768 0.13822115384615385
0 0.48677884615384615 0.8269230769230769 0.1875 0.13341346153846154
0 0.49038461538461536 0.14783653846153846 0.12259615384615384 0.16706730769230768
0 0.19471153846153846 0.5372596153846154 0.28846153846153844 0.16346153846153846
0 0.1875 0.22235576923076922 0.265625 0.17307692307692307
0 0.17668269230769232 0.8173076923076923 0.265625 0.12980769230769232