0 0.15144230769230768 0.7391826923076923 0.10697115384615384 0.20192307692307693
0 0.03365384615384615 0.5733173076923077 0.06610576923076923 0.1346153846153846
0 0.11298076923076923 0.38341346153846156 0.054086538461538464 0.11899038461538461
0 0.21754807692307693 0.45072115384615385 0.06370192307692307 0.11057692307692307
0 0.46274038461538464 0.3870192307692308 0.03245192307692308 0.09375
0 0.6081730769230769 0.15144230769230768 0.21394230769230768 0.27283653846153844
0 0.5204326923076923 0.27283653846153844 0.025240384615384616 0.052884615384615384
0 0.5649038461538461 0.4014423076923077 0.039663461538461536 0.1346153846153846
0 0.8052884615384616 0.5961538461538461 0.09375 0.17668269230769232
0 0.8016826923076923 0.4879807692307692 0.040865384615384616 0.12860576923076922
0 0.8497596153846154 0.8125 0.10336538461538461 0.19110576923076922
0 0.9134615384615384 0.9230769230769231 0.14903846153846154 0.14423076923076922
0 0.9290865384615384 0.6995192307692307 0.07932692307692307 0.1622596153846154
0 0.9663461538461539 0.6274038461538461 0.06610576923076923 0.08774038461538461