0 0.19110576923076922 0.5985576923076923 0.11538461538461539 0.040865384615384616
0 0.3581730769230769 0.49158653846153844 0.037259615384615384 0.06490384615384616
0 0.3713942307692308 0.5865384615384616 0.04567307692307692 0.07211538461538461
0 0.4026442307692308 0.3629807692307692 0.08173076923076923 0.07091346153846154
0 0.37259615384615385 0.7932692307692307 0.019230769230769232 0.042067307692307696
0 0.4362980769230769 0.19471153846153846 0.055288461538461536 0.040865384615384616
0 0.4651442307692308 0.3918269230769231 0.0829326923076923 0.02403846153846154
0 0.49759615384615385 0.47836538461538464 0.07451923076923077 0.057692307692307696
0 0.5012019230769231 0.4375 0.078125 0.07211538461538461
0 0.5588942307692307 0.7007211538461539 0.010817307692307692 0.013221153846153846
0 0.6502403846153846 0.4230769230769231 0.05048076923076923 0.038461538461538464
0 0.7788461538461539 0.28365384615384615 0.04447115384615385 0.040865384615384616
0 0.8197115384615384 0.7247596153846154 0.08653846153846154 0.07932692307692307