0 0.6502403846153846 0.6310096153846154 0.09975961538461539 0.2860576923076923
0 0.7668269230769231 0.6165865384615384 0.2403846153846154 0.35336538461538464
0 0.5793269230769231 0.5709134615384616 0.06610576923076923 0.21995192307692307
0 0.5685096153846154 0.7007211538461539 0.055288461538461536 0.10576923076923077
0 0.5516826923076923 0.7283653846153846 0.04927884615384615 0.11177884615384616
0 0.48677884615384615 0.5733173076923077 0.16706730769230768 0.21754807692307693
0 0.5108173076923077 0.6394230769230769 0.09975961538461539 0.11778846153846154
0 0.5324519230769231 0.7487980769230769 0.04807692307692308 0.12620192307692307
0 0.5072115384615384 0.7463942307692307 0.02403846153846154 0.09134615384615384
0 0.49038461538461536 0.7728365384615384 0.04567307692307692 0.11538461538461539
0 0.35697115384615385 0.35096153846153844 0.23557692307692307 0.45552884615384615