0 0.07211538461538461 0.34375 0.140625 0.08774038461538461
0 0.17307692307692307 0.5204326923076923 0.12620192307692307 0.11538461538461539
0 0.15144230769230768 0.14302884615384615 0.042067307692307696 0.057692307692307696
0 0.33413461538461536 0.3713942307692308 0.056490384615384616 0.07692307692307693
0 0.3485576923076923 0.4639423076923077 0.08533653846153846 0.07692307692307693
0 0.4519230769230769 0.2860576923076923 0.0829326923076923 0.06610576923076923
0 0.4735576923076923 0.38822115384615385 0.09975961538461539 0.0733173076923077
0 0.47475961538461536 0.6057692307692307 0.09134615384615384 0.0625
0 0.47115384615384615 0.6033653846153846 0.08052884615384616 0.07451923076923077
0 0.5685096153846154 0.2764423076923077 0.10216346153846154 0.12259615384615384
0 0.6021634615384616 0.4338942307692308 0.13221153846153846 0.038461538461538464
0 0.5841346153846154 0.30528846153846156 0.09134615384615384 0.07091346153846154
0 0.578125 0.8918269230769231 0.054086538461538464 0.11658653846153846
0 0.6358173076923077 0.3233173076923077 0.12860576923076922 0.05048076923076923
0 0.65625 0.9026442307692307 0.051682692307692304 0.09375
0 0.7584134615384616 0.3641826923076923 0.039663461538461536 0.06129807692307692
0 0.8245192307692307 0.8521634615384616 0.07692307692307693 0.09975961538461539
0 0.8257211538461539 0.8425480769230769 0.07091346153846154 0.06610576923076923
0 0.9326923076923077 0.46634615384615385 0.07692307692307693 0.125