0 0.6550480769230769 0.23076923076923078 0.08653846153846154 0.16947115384615385
0 0.9555288461538461 0.30649038461538464 0.038461538461538464 0.054086538461538464
0 0.9002403846153846 0.6033653846153846 0.03485576923076923 0.02403846153846154
0 0.7475961538461539 0.5733173076923077 0.026442307692307692 0.021634615384615384
0 0.6550480769230769 0.5949519230769231 0.020432692307692308 0.020432692307692308
0 0.6454326923076923 0.5540865384615384 0.03485576923076923 0.01201923076923077
0 0.6418269230769231 0.6081730769230769 0.02283653846153846 0.021634615384615384
0 0.5685096153846154 0.3016826923076923 0.06490384615384616 0.06850961538461539
0 0.5901442307692307 0.5709134615384616 0.016826923076923076 0.03125
0 0.5576923076923077 0.5829326923076923 0.052884615384615384 0.020432692307692308
0 0.4110576923076923 0.5492788461538461 0.030048076923076924 0.01201923076923077
0 0.34134615384615385 0.5757211538461539 0.04447115384615385 0.016826923076923076
0 0.24158653846153846 0.5661057692307693 0.02283653846153846 0.016826923076923076
0 0.2283653846153846 0.6382211538461539 0.02403846153846154 0.027644230769230768
0 0.15144230769230768 0.5853365384615384 0.039663461538461536 0.025240384615384616
0 0.14543269230769232 0.5144230769230769 0.010817307692307692 0.021634615384615384
0 0.1141826923076923 0.5757211538461539 0.036057692307692304 0.027644230769230768
0 0.078125 0.5709134615384616 0.016826923076923076 0.020432692307692308
0 0.06370192307692307 0.5612980769230769 0.042067307692307696 0.015625
0 0.054086538461538464 0.59375 0.04927884615384615 0.014423076923076924
0 0.038461538461538464 0.5949519230769231 0.052884615384615384 0.015625
0 0.03245192307692308 0.6358173076923077 0.036057692307692304 0.02403846153846154