0 0.9134615384615384 0.7716346153846154 0.0889423076923077 0.07932692307692307
0 0.6694711538461539 0.7211538461538461 0.09615384615384616 0.09615384615384616
0 0.671875 0.46153846153846156 0.07572115384615384 0.0733173076923077
0 0.5456730769230769 0.9086538461538461 0.09375 0.0985576923076923
0 0.5144230769230769 0.12379807692307693 0.08173076923076923 0.10096153846153846
0 0.4495192307692308 0.5456730769230769 0.08533653846153846 0.057692307692307696
0 0.39302884615384615 0.9423076923076923 0.1045673076923077 0.11177884615384616
0 0.3798076923076923 0.4675480769230769 0.07932692307692307 0.0625
0 0.3605769230769231 0.6899038461538461 0.08173076923076923 0.19831730769230768
0 0.25600961538461536 0.796875 0.07932692307692307 0.07692307692307693
0 0.24879807692307693 0.12980769230769232 0.08173076923076923 0.08774038461538461
0 0.08413461538461539 0.9663461538461539 0.09495192307692307 0.06490384615384616