0 0.1310096153846154 0.5024038461538461 0.07932692307692307 0.12860576923076922
0 0.8569711538461539 0.38100961538461536 0.015625 0.04447115384615385
0 0.7920673076923077 0.3954326923076923 0.06009615384615385 0.06370192307692307
0 0.7596153846153846 0.4074519230769231 0.04326923076923077 0.07932692307692307
0 0.7199519230769231 0.4074519230769231 0.03245192307692308 0.07451923076923077
0 0.65625 0.41466346153846156 0.039663461538461536 0.08533653846153846
0 0.6165865384615384 0.43990384615384615 0.040865384615384616 0.06009615384615385
0 0.5793269230769231 0.44711538461538464 0.03365384615384615 0.07451923076923077
0 0.5144230769230769 0.453125 0.04326923076923077 0.08533653846153846
0 0.4651442307692308 0.46153846153846156 0.04927884615384615 0.06610576923076923
0 0.4074519230769231 0.46033653846153844 0.056490384615384616 0.07692307692307693
0 0.30408653846153844 0.47475961538461536 0.046875 0.11177884615384616
0 0.25 0.4795673076923077 0.054086538461538464 0.109375