0 0.8677884615384616 0.35697115384615385 0.04927884615384615 0.11658653846153846
0 0.03125 0.5817307692307693 0.019230769230769232 0.036057692307692304
0 0.09735576923076923 0.29086538461538464 0.052884615384615384 0.057692307692307696
0 0.21754807692307693 0.5060096153846154 0.026442307692307692 0.05048076923076923
0 0.3557692307692308 0.6189903846153846 0.019230769230769232 0.037259615384615384
0 0.41586538461538464 0.5961538461538461 0.027644230769230768 0.06370192307692307
0 0.43509615384615385 0.3076923076923077 0.027644230769230768 0.051682692307692304
0 0.5132211538461539 0.4495192307692308 0.038461538461538464 0.039663461538461536
0 0.5408653846153846 0.1658653846153846 0.03365384615384615 0.0673076923076923
0 0.5721153846153846 0.47836538461538464 0.02403846153846154 0.055288461538461536
0 0.5769230769230769 0.34375 0.020432692307692308 0.03485576923076923
0 0.5997596153846154 0.03485576923076923 0.06009615384615385 0.052884615384615384
0 0.6177884615384616 0.46274038461538464 0.037259615384615384 0.03245192307692308
0 0.6141826923076923 0.5757211538461539 0.025240384615384616 0.026442307692307692
0 0.6346153846153846 0.2848557692307692 0.019230769230769232 0.014423076923076924
0 0.6514423076923077 0.4639423076923077 0.01201923076923077 0.03485576923076923
0 0.8197115384615384 0.7584134615384616 0.02283653846153846 0.042067307692307696
0 0.859375 0.328125 0.02403846153846154 0.055288461538461536
0 0.9302884615384616 0.16466346153846154 0.028846153846153848 0.0829326923076923
0 0.9855769230769231 0.39302884615384615 0.027644230769230768 0.04567307692307692