0 0.8701923076923077 0.6262019230769231 0.0673076923076923 0.17548076923076922
0 0.09014423076923077 0.11177884615384616 0.09495192307692307 0.14302884615384615
0 0.10817307692307693 0.8713942307692307 0.12740384615384615 0.15384615384615385
0 0.12620192307692307 0.6009615384615384 0.16346153846153846 0.1310096153846154
0 0.11298076923076923 0.37259615384615385 0.11658653846153846 0.12259615384615384
0 0.3545673076923077 0.8665865384615384 0.1346153846153846 0.16947115384615385
0 0.36899038461538464 0.11057692307692307 0.1466346153846154 0.140625
0 0.36538461538461536 0.6069711538461539 0.11778846153846154 0.16947115384615385
0 0.38100961538461536 0.4110576923076923 0.1201923076923077 0.13581730769230768
0 0.6117788461538461 0.4014423076923077 0.1778846153846154 0.18028846153846154
0 0.5997596153846154 0.8858173076923077 0.14783653846153846 0.15745192307692307
0 0.6081730769230769 0.13581730769230768 0.11538461538461539 0.12139423076923077
0 0.6262019230769231 0.6117788461538461 0.10576923076923077 0.15625
0 0.875 0.3713942307692308 0.18629807692307693 0.08052884615384616
0 0.8629807692307693 0.1201923076923077 0.10096153846153846 0.11057692307692307
0 0.8689903846153846 0.8701923076923077 0.09735576923076923 0.23798076923076922